3 0.572958 0.697822 0.319419 0.328494
3 0.409619 0.827586 0.312160 0.344828
3 0.102269 0.782214 0.204537 0.261343
3 0.210889 0.789474 0.165154 0.421052
3 0.311615 0.549909 0.196007 0.232305
3 0.798911 0.599819 0.147005 0.223230
3 0.473140 0.434664 0.119782 0.259528
3 0.702722 0.382940 0.074410 0.188748
3 0.116515 0.347550 0.092559 0.208711
3 0.273503 0.276770 0.152450 0.165154
3 0.239020 0.371143 0.079855 0.139746
3 0.104719 0.470054 0.007260 0.000000
3 0.492196 0.069873 0.092559 0.136116
3 0.690018 0.141561 0.121597 0.105263
3 0.823412 0.200544 0.079855 0.157895
3 0.325227 0.049909 0.063521 0.085299
3 0.270780 0.152450 0.049002 0.116152
3 0.897822 0.369328 0.159710 0.183303
3 0.923230 0.540835 0.112523 0.185118
3 0.536661 0.268603 0.079855 0.108893
3 0.581125 0.154265 0.045372 0.127042
3 0.416878 0.265880 0.050817 0.128857
3 0.395100 0.148820 0.039927 0.145191